Random sample index: 67960
Sample input shape (window_size x features): (1, 33, 18)
Sample true label (one-hot): [0. 0. 0. 0. 0. 0. 0. 1. 0. 0. 0. 0. 0. 0. 0. 0. 0. 0. 0.]
Sample true label (class index): 7 - Nordic Walking 
Model input shape: (None, 33, 18)

Predicted class index: 7

Predicted class probabilities: 
[7.08377967e-10 6.03515293e-11 7.72926334e-10 2.27164287e-10
 2.24807764e-07 6.23192318e-05 1.13967952e-04 9.99803007e-01
 3.30193178e-10 4.23892338e-10 9.13167944e-11 2.04640619e-05
 2.18249578e-08 8.46185275e-11 1.37329925e-08 2.43488230e-10
 3.06195874e-10 3.34600507e-11 9.96867922e-10]

Raw segment data (first 5 timesteps):
[ 0.007      -0.00465947  0.00445047  0.0041889   0.00031093  0.00030413
 -0.00240828  0.00073911  0.00325198 -0.00088419 -0.00016802 -0.00030795
  0.00033771  0.00413594 -0.0026032  -0.0007294   0.00119738 -0.00137063]

[ 7.00000e-03 -4.09024e-03  5.35563e-03  4.07891e-03  8.80784e-04
  1.10728e-05 -2.12202e-03  8.90630e-04  4.19206e-03 -1.00066e-03
 -3.21419e-05 -1.26615e-04  3.43691e-04  6.75235e-03 -9.45643e-04
 -1.13734e-03  2.73235e-03 -1.38338e-03]

[ 7.00000e-03 -4.16147e-03  5.72625e-03  3.03743e-03  7.93928e-04
 -2.17677e-04 -1.84309e-03  2.92241e-04  5.92757e-03 -7.84815e-04
  1.62950e-04 -4.46079e-05  1.87010e-04  8.80327e-03  2.46588e-03
 -2.02504e-03  3.79107e-03 -1.10451e-03]

[ 7.00000e-03 -5.60896e-03  5.05276e-03  2.82558e-03  7.26440e-04
 -2.60154e-04 -1.73421e-03  8.85243e-05  7.58970e-03 -9.69311e-05
  2.55524e-04  1.05311e-04  2.70983e-05  1.22377e-02 -2.80596e-04
 -3.09187e-03  3.74383e-03 -6.43915e-04]

[ 7.00000e-03 -7.34540e-03  5.14240e-03  2.83776e-03  1.11028e-03
 -3.66342e-04 -1.61648e-03 -1.11163e-04  9.47853e-03  7.06452e-04
  3.21420e-05  3.45968e-04 -8.01417e-05  1.95776e-02  6.03272e-03
 -5.37116e-03  3.66350e-03 -3.48934e-04]
