
Random sample index: 73678
Sample input shape (window_size x features): (1, 33, 18)
Sample true label (one-hot): [0. 0. 0. 0. 0. 0. 1. 0. 0. 0. 0. 0. 0. 0. 0. 0. 0. 0. 0.]
Sample true label (class index): 6
Model input shape: (None, 33, 18)
Predicted class index: 6
Predicted class probabilities: [7.3210075e-12 8.3725277e-10 1.8475877e-08 8.6838989e-09 2.4317185e-08
 5.6557215e-06 9.9996281e-01 3.1512671e-05 1.8739794e-11 9.8059483e-10
 5.4161928e-11 5.2040821e-08 5.7317857e-09 3.3681776e-11 1.3748122e-10
 6.9054255e-11 1.0492868e-10 6.6875281e-12 9.6523518e-11]

Raw segment data (first 5 timesteps):
[ 6.00000e-03 -1.05769e-02 -4.55253e-03  2.05231e-03 -1.05495e-03
  9.07495e-04 -7.19571e-04 -5.73117e-04  8.08939e-04 -6.39839e-03
  2.68804e-04 -5.61433e-05 -4.35416e-05  1.05145e-02 -1.01310e-03
 -4.03729e-04  8.86342e-04  6.08644e-04]
[ 6.00000e-03 -2.91932e-03  2.28856e-03  5.80024e-03  2.51992e-04
  3.68550e-04 -6.30490e-04 -1.60399e-03  2.73092e-03 -6.65564e-03
  4.59209e-04 -1.45840e-04  5.64358e-05  1.02809e-02 -8.67601e-04
  5.57711e-04  7.41657e-04  5.93522e-04]
[ 6.00000e-03 -1.11129e-02 -1.79527e-03  1.87587e-04 -4.18081e-04
  2.02206e-04 -8.93620e-04 -1.46086e-03  2.07985e-03 -8.19977e-03
  2.94140e-04 -1.38009e-04  9.20229e-05  1.06996e-02  6.86824e-04
  5.13768e-04  5.31985e-04  5.96262e-04]
[ 0.006      -0.0089841  -0.00455116  0.0120444  -0.00058505 -0.00027534
 -0.00069898 -0.0016097   0.0012909  -0.0080063  -0.00033815 -0.00026648
  0.00030272  0.0090958   0.00177083 -0.00082145  0.00040593  0.00041733]
[ 0.006      -0.00317937  0.004459    0.00220969  0.00055895 -0.00095203
 -0.00040841 -0.00233059  0.00080471 -0.00786289 -0.00041057 -0.00029737
  0.00049273  0.0107209   0.00627046  0.00020921  0.00063927  0.00016785]
